10.2 200.0
10.6 200.0
11.0 400.0
11.4 0.0
11.8 0.0
12.2 1800.0
12.6 1600.0
13.0 2000.0
13.4 2400.0
13.8 5000.0
14.2 4200.0
14.6 7400.0
15.0 13600.0
15.4 12000.0
15.8 16600.0
16.2 19800.0
16.6 28600.0
17.0 32200.0
17.4 50200.0
17.8 61200.0
18.2 78000.0
18.6 101000.0
19.0 115600.0
19.4 153200.0
19.8 189600.0
20.2 220600.0
20.6 277200.0
21.0 348400.0
21.4 393800.0
21.8 490400.0
22.2 599600.0
22.6 717000.0
23.0 828200.0
23.4 985400.0
23.8 1179000.0
24.2 1355200.0
24.6 1565600.0
25.0 1849600.0
25.4 2136600.0
25.8 2465200.0
26.2 2814000.0
26.6 3196600.0
27.0 3636000.0
27.4 4089200.0
27.8 4583400.0
28.2 5110800.0
28.6 5737200.0
29.0 6383000.0
29.4 7071600.0
29.8 7757000.0
30.2 8634800.0
30.6 9410800.0
31.0 10337600.0
31.4 11258000.0
31.8 12182600.0
32.2 13252000.0
32.6 14297400.0
33.0 15454400.0
33.4 16591200.0
33.8 17733000.0
34.2 18917800.0
34.6 30522000.0
