10.2 0.0
10.6 0.0
11.0 0.0
11.4 6000.0
11.8 4000.0
12.2 0.0
12.6 0.0
13.0 2000.0
13.4 6000.0
13.8 2000.0
14.2 8000.0
14.6 8000.0
15.0 16000.0
15.4 12000.0
15.8 12000.0
16.2 22000.0
16.6 40000.0
17.0 50000.0
17.4 76000.0
17.8 86000.0
18.2 104000.0
18.6 140000.0
19.0 168000.0
19.4 276000.0
19.8 252000.0
20.2 400000.0
20.6 554000.0
21.0 704000.0
21.4 960000.0
21.8 1206000.0
22.2 1552000.0
22.6 1952000.0
23.0 2428000.0
23.4 3042000.0
23.8 3632000.0
24.2 4810000.0
24.6 6014000.0
25.0 7810000.0
25.4 9628000.0
25.8 12204000.0
26.2 14740000.0
26.6 17340000.0
27.0 20210000.0
27.4 22096000.0
27.8 24498000.0
28.2 26106000.0
28.6 28316000.0
29.0 30910000.0
29.4 33358000.0
29.8 36870000.0
30.2 41336000.0
30.6 46334000.0
31.0 52378000.0
31.4 60628000.0
31.8 69092000.0
32.2 78922000.0
32.6 89826000.0
33.0 100284000.0
33.4 112960000.0
33.8 125958000.0
34.2 140340000.0
34.6 231150000.0
