10.2 200.0
10.6 400.0
11.0 200.0
11.4 600.0
11.8 1200.0
12.2 1000.0
12.6 1800.0
13.0 2800.0
13.4 5200.0
13.8 7200.0
14.2 12000.0
14.6 19000.0
15.0 32000.0
15.4 55200.0
15.8 82200.0
16.2 118000.0
16.6 186400.0
17.0 188200.0
17.4 198400.0
17.8 261000.0
18.2 324400.0
18.6 473400.0
19.0 720200.0
19.4 1326600.0
19.8 2440800.0
20.2 3414800.0
20.6 4163000.0
21.0 5035000.0
21.4 5727400.0
21.8 6167400.0
22.2 6614000.0
22.6 7242400.0
23.0 7467000.0
23.4 8461200.0
23.8 9005000.0
24.2 9553600.0
24.6 12181400.0
25.0 14360600.0
25.4 16528400.0
25.8 21437800.0
26.2 27096200.0
26.6 29710800.0
27.0 32533400.0
27.4 38764000.0
27.8 48719000.0
28.2 56460200.0
28.6 64348400.0
29.0 71614000.0
29.4 70420400.0
29.8 55732200.0
30.2 60439000.0
30.6 77171600.0
31.0 33347200.0
31.4 55461400.0
31.8 121305600.0
32.2 87732800.0
32.6 11649600.0
33.0 5762800.0
33.4 5367600.0
33.8 4024400.0
34.2 2723600.0
34.6 3105800.0
