10.2 200.0
10.6 0.0
11.0 200.0
11.4 400.0
11.8 400.0
12.2 1600.0
12.6 1800.0
13.0 4000.0
13.4 2400.0
13.8 7000.0
14.2 8400.0
14.6 16200.0
15.0 18400.0
15.4 28800.0
15.8 34200.0
16.2 53000.0
16.6 62600.0
17.0 75600.0
17.4 107400.0
17.8 160200.0
18.2 197200.0
18.6 259200.0
19.0 358600.0
19.4 477600.0
19.8 597000.0
20.2 740200.0
20.6 889200.0
21.0 986600.0
21.4 1101600.0
21.8 1206000.0
22.2 1280400.0
22.6 1328600.0
23.0 1433200.0
23.4 1521600.0
23.8 1586800.0
24.2 1756000.0
24.6 1939000.0
25.0 2173200.0
25.4 2438000.0
25.8 2702800.0
26.2 2963000.0
26.6 3221000.0
27.0 3425600.0
27.4 3603400.0
27.8 3748600.0
28.2 3894800.0
28.6 3947000.0
29.0 3961200.0
29.4 3925200.0
29.8 3859600.0
30.2 3755200.0
30.6 3643200.0
31.0 3322600.0
31.4 3035000.0
31.8 2744600.0
32.2 2449400.0
32.6 2131200.0
33.0 1778200.0
33.4 1482600.0
33.8 1227000.0
34.2 1011800.0
34.6 1204000.0
