10.2 0.0
10.6 200.0
11.0 200.0
11.4 200.0
11.8 200.0
12.2 800.0
12.6 1000.0
13.0 1800.0
13.4 2200.0
13.8 1800.0
14.2 5600.0
14.6 10000.0
15.0 8600.0
15.4 15400.0
15.8 24400.0
16.2 38000.0
16.6 56400.0
17.0 80600.0
17.4 122600.0
17.8 159200.0
18.2 215400.0
18.6 271200.0
19.0 326800.0
19.4 406200.0
19.8 503600.0
20.2 716600.0
20.6 1009800.0
21.0 1421600.0
21.4 1896600.0
21.8 2533200.0
22.2 3185200.0
22.6 3909800.0
23.0 4492200.0
23.4 5003200.0
23.8 5322000.0
24.2 5539400.0
24.6 5605200.0
25.0 5725000.0
25.4 5972800.0
25.8 6293000.0
26.2 6956000.0
26.6 7694600.0
27.0 8652000.0
27.4 9752600.0
27.8 11070800.0
28.2 12644800.0
28.6 14197800.0
29.0 15510600.0
29.4 16730000.0
29.8 17399200.0
30.2 17785400.0
30.6 18164400.0
31.0 18534200.0
31.4 18867800.0
31.8 18965800.0
32.2 18828200.0
32.6 18205600.0
33.0 17208600.0
33.4 15742600.0
33.8 13761400.0
34.2 11496400.0
34.6 13167200.0
