10.2 400.0
10.6 0.0
11.0 800.0
11.4 400.0
11.8 600.0
12.2 800.0
12.6 1200.0
13.0 1200.0
13.4 3400.0
13.8 7800.0
14.2 8600.0
14.6 11800.0
15.0 17400.0
15.4 29800.0
15.8 44800.0
16.2 46400.0
16.6 65000.0
17.0 86600.0
17.4 113600.0
17.8 135400.0
18.2 188200.0
18.6 262200.0
19.0 359200.0
19.4 504400.0
19.8 646200.0
20.2 815200.0
20.6 1019400.0
21.0 1171400.0
21.4 1307200.0
21.8 1444400.0
22.2 1469200.0
22.6 1538800.0
23.0 1579200.0
23.4 1616400.0
23.8 1719000.0
24.2 1884400.0
24.6 2074200.0
25.0 2365600.0
25.4 2663600.0
25.8 3021600.0
26.2 3410000.0
26.6 3806800.0
27.0 4185800.0
27.4 4485800.0
27.8 4687600.0
28.2 4775000.0
28.6 4821800.0
29.0 4912400.0
29.4 4957000.0
29.8 4962600.0
30.2 4890600.0
30.6 4772600.0
31.0 4435200.0
31.4 4091800.0
31.8 3556800.0
32.2 3026000.0
32.6 2449400.0
33.0 1962400.0
33.4 1607400.0
33.8 1314000.0
34.2 1077800.0
34.6 1313000.0
