10.2 200.0
10.6 400.0
11.0 400.0
11.4 600.0
11.8 600.0
12.2 600.0
12.6 1400.0
13.0 3200.0
13.4 4400.0
13.8 5200.0
14.2 9400.0
14.6 7600.0
15.0 18400.0
15.4 28400.0
15.8 39400.0
16.2 51000.0
16.6 66600.0
17.0 84200.0
17.4 119000.0
17.8 155800.0
18.2 195800.0
18.6 280000.0
19.0 405000.0
19.4 549600.0
19.8 752000.0
20.2 977800.0
20.6 1192800.0
21.0 1385200.0
21.4 1584200.0
21.8 1719200.0
22.2 1792600.0
22.6 1851000.0
23.0 1880200.0
23.4 1961000.0
23.8 2120200.0
24.2 2296000.0
24.6 2544400.0
25.0 2862800.0
25.4 3200200.0
25.8 3612800.0
26.2 3988600.0
26.6 4310000.0
27.0 4499400.0
27.4 4551400.0
27.8 4595800.0
28.2 4563400.0
28.6 4525800.0
29.0 4450800.0
29.4 4412200.0
29.8 4370000.0
30.2 4206000.0
30.6 3948400.0
31.0 3738200.0
31.4 3354600.0
31.8 2926200.0
32.2 2543000.0
32.6 2295000.0
33.0 2117400.0
33.4 1983200.0
33.8 1799600.0
34.2 1558400.0
34.6 1897800.0
