10.2 200.0
10.6 600.0
11.0 600.0
11.4 1200.0
11.8 600.0
12.2 800.0
12.6 1400.0
13.0 2400.0
13.4 4400.0
13.8 6000.0
14.2 10000.0
14.6 16800.0
15.0 33200.0
15.4 40800.0
15.8 57200.0
16.2 89400.0
16.6 107600.0
17.0 144400.0
17.4 172200.0
17.8 230600.0
18.2 289200.0
18.6 413000.0
19.0 607200.0
19.4 885000.0
19.8 1273400.0
20.2 1713200.0
20.6 2213600.0
21.0 2702400.0
21.4 3096400.0
21.8 3394000.0
22.2 3647400.0
22.6 3752600.0
23.0 3834000.0
23.4 3927600.0
23.8 4100000.0
24.2 4392800.0
24.6 4871400.0
25.0 5431200.0
25.4 6147200.0
25.8 6930200.0
26.2 7770600.0
26.6 8486000.0
27.0 9087200.0
27.4 9399600.0
27.8 9601200.0
28.2 9723800.0
28.6 9852400.0
29.0 9889200.0
29.4 9926400.0
29.8 9865000.0
30.2 9704600.0
30.6 9256200.0
31.0 9189000.0
31.4 8175600.0
31.8 7559200.0
32.2 7291000.0
32.6 7085000.0
33.0 5962800.0
33.4 5449400.0
33.8 4679400.0
34.2 3593400.0
34.6 3956200.0
