10.2 0.0
10.6 0.0
11.0 2000.0
11.4 2000.0
11.8 2000.0
12.2 0.0
12.6 0.0
13.0 2000.0
13.4 0.0
13.8 6000.0
14.2 8000.0
14.6 10000.0
15.0 14000.0
15.4 14000.0
15.8 16000.0
16.2 18000.0
16.6 40000.0
17.0 52000.0
17.4 56000.0
17.8 66000.0
18.2 92000.0
18.6 160000.0
19.0 180000.0
19.4 204000.0
19.8 198000.0
20.2 340000.0
20.6 378000.0
21.0 552000.0
21.4 660000.0
21.8 802000.0
22.2 900000.0
22.6 1188000.0
23.0 1536000.0
23.4 1884000.0
23.8 2142000.0
24.2 2634000.0
24.6 3422000.0
25.0 4308000.0
25.4 5228000.0
25.8 6292000.0
26.2 7704000.0
26.6 9418000.0
27.0 11068000.0
27.4 13404000.0
27.8 15938000.0
28.2 18816000.0
28.6 22432000.0
29.0 26170000.0
29.4 30744000.0
29.8 35576000.0
30.2 40764000.0
30.6 46978000.0
31.0 54078000.0
31.4 61860000.0
31.8 70760000.0
32.2 81288000.0
32.6 93462000.0
33.0 106670000.0
33.4 122484000.0
33.8 141156000.0
34.2 160996000.0
34.6 284812000.0
