10.2 200.0
10.6 400.0
11.0 0.0
11.4 800.0
11.8 1000.0
12.2 1800.0
12.6 1200.0
13.0 2400.0
13.4 2600.0
13.8 3800.0
14.2 5400.0
14.6 7200.0
15.0 7600.0
15.4 12200.0
15.8 18800.0
16.2 24200.0
16.6 36200.0
17.0 40000.0
17.4 50000.0
17.8 65600.0
18.2 81800.0
18.6 115400.0
19.0 151200.0
19.4 179000.0
19.8 239000.0
20.2 289600.0
20.6 361200.0
21.0 439600.0
21.4 543000.0
21.8 685600.0
22.2 806600.0
22.6 1005400.0
23.0 1190600.0
23.4 1469600.0
23.8 1714400.0
24.2 2079600.0
24.6 2468800.0
25.0 2913600.0
25.4 3443000.0
25.8 3962200.0
26.2 4633400.0
26.6 5252000.0
27.0 6029200.0
27.4 6825000.0
27.8 7656800.0
28.2 8570800.0
28.6 9598200.0
29.0 10664400.0
29.4 11732800.0
29.8 13017200.0
30.2 14351400.0
30.6 15783800.0
31.0 17357800.0
31.4 19090200.0
31.8 20777400.0
32.2 22711600.0
32.6 24690600.0
33.0 26727800.0
33.4 28861800.0
33.8 30986400.0
34.2 33199000.0
34.6 53645200.0
