10.2 0.0
10.6 200.0
11.0 0.0
11.4 200.0
11.8 600.0
12.2 1200.0
12.6 1800.0
13.0 2800.0
13.4 3200.0
13.8 6200.0
14.2 6600.0
14.6 6600.0
15.0 10800.0
15.4 16000.0
15.8 19800.0
16.2 25000.0
16.6 33000.0
17.0 48000.0
17.4 62600.0
17.8 79000.0
18.2 105600.0
18.6 144000.0
19.0 176800.0
19.4 207200.0
19.8 249600.0
20.2 287000.0
20.6 298400.0
21.0 319200.0
21.4 346000.0
21.8 355600.0
22.2 376400.0
22.6 408800.0
23.0 443200.0
23.4 491400.0
23.8 545600.0
24.2 607600.0
24.6 660400.0
25.0 688800.0
25.4 712000.0
25.8 712200.0
26.2 683800.0
26.6 658000.0
27.0 629000.0
27.4 578000.0
27.8 556400.0
28.2 513800.0
28.6 455400.0
29.0 435800.0
29.4 376600.0
29.8 330800.0
30.2 294200.0
30.6 265000.0
31.0 272000.0
31.4 284800.0
31.8 350200.0
32.2 423200.0
32.6 491200.0
33.0 526800.0
33.4 526800.0
33.8 501400.0
34.2 476600.0
34.6 659400.0
