10.2 200.0
10.6 0.0
11.0 0.0
11.4 0.0
11.8 600.0
12.2 800.0
12.6 2600.0
13.0 2000.0
13.4 2800.0
13.8 5000.0
14.2 4600.0
14.6 6200.0
15.0 11800.0
15.4 18200.0
15.8 25400.0
16.2 34600.0
16.6 50400.0
17.0 71800.0
17.4 91200.0
17.8 124200.0
18.2 148600.0
18.6 199400.0
19.0 242000.0
19.4 320200.0
19.8 467800.0
20.2 644000.0
20.6 882600.0
21.0 1138400.0
21.4 1463200.0
21.8 1777600.0
22.2 2056200.0
22.6 2300200.0
23.0 2449800.0
23.4 2552600.0
23.8 2591800.0
24.2 2682200.0
24.6 2767800.0
25.0 2962200.0
25.4 3241600.0
25.8 3582400.0
26.2 4012800.0
26.6 4569600.0
27.0 5187000.0
27.4 5902800.0
27.8 6551400.0
28.2 7184600.0
28.6 7616200.0
29.0 7976000.0
29.4 8143600.0
29.8 8215600.0
30.2 8391200.0
30.6 8489600.0
31.0 8523200.0
31.4 8438200.0
31.8 8114600.0
32.2 7646600.0
32.6 6982600.0
33.0 6108400.0
33.4 5109200.0
33.8 4123000.0
34.2 3285000.0
34.6 3823000.0
