10.2 0.0
10.6 0.0
11.0 200.0
11.4 600.0
11.8 1000.0
12.2 600.0
12.6 1200.0
13.0 800.0
13.4 2600.0
13.8 3000.0
14.2 4400.0
14.6 5800.0
15.0 8600.0
15.4 16200.0
15.8 16600.0
16.2 24000.0
16.6 23600.0
17.0 34000.0
17.4 45200.0
17.8 62000.0
18.2 72400.0
18.6 88600.0
19.0 117400.0
19.4 142200.0
19.8 158800.0
20.2 199800.0
20.6 258600.0
21.0 308200.0
21.4 359200.0
21.8 435400.0
22.2 512200.0
22.6 597200.0
23.0 733000.0
23.4 848600.0
23.8 982800.0
24.2 1156200.0
24.6 1311400.0
25.0 1483600.0
25.4 1728200.0
25.8 1959200.0
26.2 2252200.0
26.6 2565200.0
27.0 2872200.0
27.4 3238400.0
27.8 3631600.0
28.2 4053400.0
28.6 4541800.0
29.0 5016200.0
29.4 5544800.0
29.8 6148400.0
30.2 6767000.0
30.6 7446400.0
31.0 8138400.0
31.4 8887600.0
31.8 9623800.0
32.2 10440800.0
32.6 11249600.0
33.0 12159400.0
33.4 13040400.0
33.8 13834400.0
34.2 14863200.0
34.6 23821000.0
