10.2 0.0
10.6 200.0
11.0 200.0
11.4 1000.0
11.8 800.0
12.2 600.0
12.6 800.0
13.0 2800.0
13.4 3800.0
13.8 6600.0
14.2 9600.0
14.6 14400.0
15.0 26200.0
15.4 41200.0
15.8 50000.0
16.2 66800.0
16.6 99400.0
17.0 127400.0
17.4 153600.0
17.8 207800.0
18.2 257200.0
18.6 381400.0
19.0 544400.0
19.4 753600.0
19.8 1036400.0
20.2 1406400.0
20.6 1853800.0
21.0 2238200.0
21.4 2586200.0
21.8 2911000.0
22.2 3169000.0
22.6 3336200.0
23.0 3432600.0
23.4 3495600.0
23.8 3667400.0
24.2 3907400.0
24.6 4204600.0
25.0 4683600.0
25.4 5260800.0
25.8 5951800.0
26.2 6691800.0
26.6 7422200.0
27.0 8106600.0
27.4 8661200.0
27.8 9072800.0
28.2 9336200.0
28.6 9528200.0
29.0 9707400.0
29.4 9768400.0
29.8 9810400.0
30.2 9741000.0
30.6 9578400.0
31.0 9265200.0
31.4 8836200.0
31.8 8009800.0
32.2 7063000.0
32.6 6227600.0
33.0 5458200.0
33.4 4779200.0
33.8 3999400.0
34.2 3314200.0
34.6 3766800.0
