10.2 0.0
10.6 200.0
11.0 0.0
11.4 200.0
11.8 1000.0
12.2 400.0
12.6 1800.0
13.0 2400.0
13.4 3800.0
13.8 5600.0
14.2 4000.0
14.6 12200.0
15.0 9200.0
15.4 12800.0
15.8 21600.0
16.2 22600.0
16.6 34600.0
17.0 38200.0
17.4 53200.0
17.8 65600.0
18.2 86600.0
18.6 120400.0
19.0 153800.0
19.4 197600.0
19.8 242200.0
20.2 304000.0
20.6 386400.0
21.0 491400.0
21.4 606200.0
21.8 726400.0
22.2 923600.0
22.6 1136000.0
23.0 1353600.0
23.4 1657600.0
23.8 2026600.0
24.2 2475400.0
24.6 2931200.0
25.0 3498200.0
25.4 4140000.0
25.8 4920200.0
26.2 5752600.0
26.6 6641200.0
27.0 7679200.0
27.4 8815800.0
27.8 9931400.0
28.2 11164000.0
28.6 12519600.0
29.0 13887800.0
29.4 15313200.0
29.8 16917200.0
30.2 18531800.0
30.6 20396200.0
31.0 22358600.0
31.4 24370200.0
31.8 26724800.0
32.2 29213400.0
32.6 31824000.0
33.0 34542200.0
33.4 37437200.0
33.8 40326800.0
34.2 43272400.0
34.6 70259600.0
