10.2 400.0
10.6 0.0
11.0 400.0
11.4 800.0
11.8 400.0
12.2 800.0
12.6 1200.0
13.0 3200.0
13.4 3600.0
13.8 3600.0
14.2 5000.0
14.6 6600.0
15.0 10400.0
15.4 16400.0
15.8 19000.0
16.2 21200.0
16.6 35400.0
17.0 37400.0
17.4 53800.0
17.8 66600.0
18.2 84600.0
18.6 104400.0
19.0 136200.0
19.4 160000.0
19.8 187200.0
20.2 207000.0
20.6 220400.0
21.0 229600.0
21.4 245400.0
21.8 261600.0
22.2 276800.0
22.6 298200.0
23.0 341600.0
23.4 370400.0
23.8 401200.0
24.2 435400.0
24.6 458200.0
25.0 459200.0
25.4 452600.0
25.8 431200.0
26.2 408600.0
26.6 368000.0
27.0 328800.0
27.4 308200.0
27.8 270400.0
28.2 243200.0
28.6 216000.0
29.0 196200.0
29.4 172400.0
29.8 161000.0
30.2 143800.0
30.6 153400.0
31.0 207600.0
31.4 289800.0
31.8 376200.0
32.2 455800.0
32.6 509400.0
33.0 508800.0
33.4 489200.0
33.8 471200.0
34.2 439600.0
34.6 614800.0
