10.2 200.0
10.6 400.0
11.0 800.0
11.4 1400.0
11.8 400.0
12.2 1800.0
12.6 2000.0
13.0 2400.0
13.4 3000.0
13.8 4000.0
14.2 4400.0
14.6 5000.0
15.0 8400.0
15.4 15000.0
15.8 15400.0
16.2 19600.0
16.6 26200.0
17.0 35000.0
17.4 47600.0
17.8 63200.0
18.2 78000.0
18.6 99000.0
19.0 126600.0
19.4 144800.0
19.8 189600.0
20.2 218800.0
20.6 281200.0
21.0 343000.0
21.4 407000.0
21.8 498400.0
22.2 607400.0
22.6 717200.0
23.0 857600.0
23.4 1022200.0
23.8 1177000.0
24.2 1387800.0
24.6 1617400.0
25.0 1870000.0
25.4 2181000.0
25.8 2500000.0
26.2 2859600.0
26.6 3230600.0
27.0 3673400.0
27.4 4171600.0
27.8 4647800.0
28.2 5238400.0
28.6 5818400.0
29.0 6469400.0
29.4 7152600.0
29.8 7904400.0
30.2 8690800.0
30.6 9563000.0
31.0 10428400.0
31.4 11416000.0
31.8 12437600.0
32.2 13442600.0
32.6 14566400.0
33.0 15728200.0
33.4 16864800.0
33.8 18022600.0
34.2 19279000.0
34.6 31099800.0
