10.2 0.0
10.6 200.0
11.0 400.0
11.4 400.0
11.8 400.0
12.2 800.0
12.6 1200.0
13.0 1800.0
13.4 800.0
13.8 3800.0
14.2 5600.0
14.6 5600.0
15.0 12400.0
15.4 10200.0
15.8 15600.0
16.2 19600.0
16.6 31600.0
17.0 43400.0
17.4 57600.0
17.8 90600.0
18.2 121000.0
18.6 161600.0
19.0 222600.0
19.4 302600.0
19.8 387000.0
20.2 465200.0
20.6 558200.0
21.0 695400.0
21.4 930000.0
21.8 1281200.0
22.2 1763800.0
22.6 2414800.0
23.0 3161000.0
23.4 4000600.0
23.8 4807000.0
24.2 5507800.0
24.6 6039600.0
25.0 6481200.0
25.4 6603600.0
25.8 6808600.0
26.2 6918600.0
26.6 7214600.0
27.0 7716000.0
27.4 8480800.0
27.8 9452200.0
28.2 10556200.0
28.6 11949600.0
29.0 13484200.0
29.4 15309400.0
29.8 17158200.0
30.2 18761400.0
30.6 19928800.0
31.0 20812600.0
31.4 21182800.0
31.8 21657000.0
32.2 21948400.0
32.6 22365600.0
33.0 22397600.0
33.4 22211000.0
33.8 21399600.0
34.2 20247200.0
34.6 26609600.0
