10.2 0.0
10.6 400.0
11.0 1000.0
11.4 400.0
11.8 400.0
12.2 1000.0
12.6 1600.0
13.0 2200.0
13.4 3200.0
13.8 8000.0
14.2 6600.0
14.6 13600.0
15.0 18000.0
15.4 33000.0
15.8 48600.0
16.2 67200.0
16.6 89000.0
17.0 116600.0
17.4 148200.0
17.8 194600.0
18.2 241200.0
18.6 336400.0
19.0 477800.0
19.4 649000.0
19.8 892600.0
20.2 1225000.0
20.6 1597600.0
21.0 2076000.0
21.4 2443000.0
21.8 2837400.0
22.2 3099200.0
22.6 3347800.0
23.0 3557200.0
23.4 3639800.0
23.8 3755200.0
24.2 3970800.0
24.6 4238800.0
25.0 4572400.0
25.4 5101400.0
25.8 5735400.0
26.2 6477400.0
26.6 7307000.0
27.0 8098000.0
27.4 8876600.0
27.8 9541600.0
28.2 10089000.0
28.6 10478400.0
29.0 10859800.0
29.4 11160000.0
29.8 11213200.0
30.2 11301000.0
30.6 11231000.0
31.0 11031600.0
31.4 10718000.0
31.8 10043000.0
32.2 9127000.0
32.6 8091200.0
33.0 7058800.0
33.4 6084600.0
33.8 5049600.0
34.2 4127800.0
34.6 4638600.0
