10.2 200.0
10.6 400.0
11.0 200.0
11.4 1400.0
11.8 1000.0
12.2 800.0
12.6 800.0
13.0 2200.0
13.4 3800.0
13.8 3400.0
14.2 5000.0
14.6 8400.0
15.0 9800.0
15.4 11200.0
15.8 14200.0
16.2 23200.0
16.6 29600.0
17.0 34800.0
17.4 46800.0
17.8 63000.0
18.2 73800.0
18.6 108400.0
19.0 138800.0
19.4 159400.0
19.8 229400.0
20.2 292000.0
20.6 356600.0
21.0 524200.0
21.4 678400.0
21.8 844200.0
22.2 1035600.0
22.6 1194600.0
23.0 1506400.0
23.4 1875800.0
23.8 2454600.0
24.2 3237200.0
24.6 4247400.0
25.0 5489000.0
25.4 6929200.0
25.8 8381000.0
26.2 9683200.0
26.6 10923200.0
27.0 11866800.0
27.4 12584200.0
27.8 12868600.0
28.2 13285400.0
28.6 13752200.0
29.0 14597800.0
29.4 15668800.0
29.8 17248600.0
30.2 19067600.0
30.6 21301800.0
31.0 23851000.0
31.4 26888000.0
31.8 29985400.0
32.2 33326400.0
32.6 36045400.0
33.0 38046000.0
33.4 39604000.0
33.8 40796600.0
34.2 41391200.0
34.6 63315200.0
