10.2 400.0
10.6 400.0
11.0 0.0
11.4 400.0
11.8 400.0
12.2 2200.0
12.6 1600.0
13.0 2600.0
13.4 3000.0
13.8 4800.0
14.2 6000.0
14.6 12600.0
15.0 15200.0
15.4 26600.0
15.8 59800.0
16.2 124000.0
16.6 223200.0
17.0 389400.0
17.4 639200.0
17.8 734200.0
18.2 606400.0
18.6 650000.0
19.0 822800.0
19.4 1094400.0
19.8 1664200.0
20.2 3303600.0
20.6 7222400.0
21.0 12014000.0
21.4 15384400.0
21.8 18979200.0
22.2 22082400.0
22.6 24468200.0
23.0 26380200.0
23.4 29242800.0
23.8 31138000.0
24.2 34106000.0
24.6 37960400.0
25.0 39262000.0
25.4 46948600.0
25.8 59006400.0
26.2 67694200.0
26.6 84833000.0
27.0 114323800.0
27.4 135006400.0
27.8 148589800.0
28.2 172192200.0
28.6 218665600.0
29.0 266724200.0
29.4 306366600.0
29.8 353924400.0
30.2 369631200.0
30.6 324647400.0
31.0 287297000.0
31.4 379256800.0
31.8 274143000.0
32.2 200942600.0
32.6 481132800.0
33.0 596352000.0
33.4 223944600.0
33.8 22937400.0
34.2 15974600.0
34.6 18138000.0
