10.2 0.0
10.6 0.0
11.0 400.0
11.4 200.0
11.8 1200.0
12.2 1400.0
12.6 2000.0
13.0 4800.0
13.4 7800.0
13.8 9400.0
14.2 16800.0
14.6 23000.0
15.0 31800.0
15.4 55800.0
15.8 64600.0
16.2 73800.0
16.6 91800.0
17.0 111800.0
17.4 150200.0
17.8 219600.0
18.2 324400.0
18.6 572200.0
19.0 909600.0
19.4 1162400.0
19.8 1517400.0
20.2 1766000.0
20.6 1971600.0
21.0 2167000.0
21.4 2403000.0
21.8 2445600.0
22.2 2609000.0
22.6 2857000.0
23.0 2844200.0
23.4 3320800.0
23.8 4035800.0
24.2 4399600.0
24.6 5318200.0
25.0 6859800.0
25.4 7753800.0
25.8 8150800.0
26.2 8767200.0
26.6 10815600.0
27.0 12389600.0
27.4 13643600.0
27.8 15513600.0
28.2 16995000.0
28.6 13667800.0
29.0 10647000.0
29.4 19846600.0
29.8 9864600.0
30.2 5062600.0
30.6 22824400.0
31.0 27837400.0
31.4 6674200.0
31.8 2221000.0
32.2 2928600.0
32.6 3060000.0
33.0 2735600.0
33.4 2075400.0
33.8 1608200.0
34.2 1315000.0
34.6 1484600.0
