10.2 200.0
10.6 600.0
11.0 200.0
11.4 200.0
11.8 200.0
12.2 1200.0
12.6 1200.0
13.0 2000.0
13.4 2800.0
13.8 4800.0
14.2 4400.0
14.6 5600.0
15.0 8600.0
15.4 10000.0
15.8 17600.0
16.2 17600.0
16.6 29200.0
17.0 35400.0
17.4 43200.0
17.8 57600.0
18.2 64800.0
18.6 81000.0
19.0 102400.0
19.4 127400.0
19.8 150800.0
20.2 194200.0
20.6 234800.0
21.0 265600.0
21.4 328000.0
21.8 381400.0
22.2 467000.0
22.6 555800.0
23.0 633000.0
23.4 746600.0
23.8 850800.0
24.2 1021000.0
24.6 1169200.0
25.0 1373400.0
25.4 1554800.0
25.8 1801600.0
26.2 2072200.0
26.6 2365600.0
27.0 2682000.0
27.4 3100800.0
27.8 3477400.0
28.2 3984400.0
28.6 4437400.0
29.0 4957800.0
29.4 5606400.0
29.8 6332800.0
30.2 7037000.0
30.6 7956200.0
31.0 8822000.0
31.4 9713000.0
31.8 10562200.0
32.2 11564400.0
32.6 12320200.0
33.0 13051600.0
33.4 13615200.0
33.8 14225200.0
34.2 14728400.0
34.6 23521400.0
