10.2 200.0
10.6 400.0
11.0 600.0
11.4 1000.0
11.8 1000.0
12.2 1200.0
12.6 2400.0
13.0 1600.0
13.4 2800.0
13.8 4000.0
14.2 7200.0
14.6 6600.0
15.0 9200.0
15.4 11800.0
15.8 20000.0
16.2 22200.0
16.6 24600.0
17.0 35400.0
17.4 44800.0
17.8 58200.0
18.2 70600.0
18.6 89000.0
19.0 113400.0
19.4 153800.0
19.8 175600.0
20.2 222800.0
20.6 272800.0
21.0 330000.0
21.4 413800.0
21.8 503000.0
22.2 579800.0
22.6 729600.0
23.0 857800.0
23.4 1025400.0
23.8 1231400.0
24.2 1458000.0
24.6 1780600.0
25.0 2091800.0
25.4 2484400.0
25.8 2944400.0
26.2 3436200.0
26.6 3986600.0
27.0 4621600.0
27.4 5432600.0
27.8 6379000.0
28.2 7442200.0
28.6 8715400.0
29.0 10094400.0
29.4 11481400.0
29.8 12913800.0
30.2 14223200.0
30.6 15469000.0
31.0 16488000.0
31.4 17454400.0
31.8 18206800.0
32.2 18987200.0
32.6 20017400.0
33.0 21471000.0
33.4 23099200.0
33.8 25124800.0
34.2 27174200.0
34.6 44912400.0
