10.2 600.0
10.6 600.0
11.0 0.0
11.4 600.0
11.8 600.0
12.2 600.0
12.6 1600.0
13.0 1800.0
13.4 2600.0
13.8 3800.0
14.2 4000.0
14.6 5400.0
15.0 9000.0
15.4 14600.0
15.8 16000.0
16.2 20200.0
16.6 23000.0
17.0 28800.0
17.4 40400.0
17.8 56200.0
18.2 63400.0
18.6 81600.0
19.0 104200.0
19.4 111000.0
19.8 148600.0
20.2 175600.0
20.6 222400.0
21.0 266400.0
21.4 332800.0
21.8 395200.0
22.2 446200.0
22.6 540000.0
23.0 637600.0
23.4 717400.0
23.8 854600.0
24.2 1003600.0
24.6 1148600.0
25.0 1344800.0
25.4 1529800.0
25.8 1787000.0
26.2 2001000.0
26.6 2310000.0
27.0 2645000.0
27.4 2975600.0
27.8 3335800.0
28.2 3756800.0
28.6 4325400.0
29.0 4803800.0
29.4 5365200.0
29.8 6061400.0
30.2 6736600.0
30.6 7435800.0
31.0 8112200.0
31.4 8961200.0
31.8 9613400.0
32.2 10238200.0
32.6 10774200.0
33.0 11318200.0
33.4 11830200.0
33.8 12374800.0
34.2 13019600.0
34.6 20894800.0
