10.2 0.0
10.6 0.0
11.0 600.0
11.4 400.0
11.8 600.0
12.2 1400.0
12.6 1600.0
13.0 3400.0
13.4 3800.0
13.8 9600.0
14.2 14600.0
14.6 27000.0
15.0 56400.0
15.4 95600.0
15.8 180800.0
16.2 290800.0
16.6 460200.0
17.0 453000.0
17.4 369400.0
17.8 483600.0
18.2 601800.0
18.6 859600.0
19.0 1391400.0
19.4 2859800.0
19.8 5866200.0
20.2 8724800.0
20.6 10535000.0
21.0 12919800.0
21.4 14625400.0
21.8 15911400.0
22.2 17089400.0
22.6 19072800.0
23.0 19836200.0
23.4 22514600.0
23.8 24571600.0
24.2 25479600.0
24.6 32556200.0
25.0 39949800.0
25.4 45469000.0
25.8 59502400.0
26.2 78077800.0
26.6 87872600.0
27.0 96751400.0
27.4 115221800.0
27.8 148797000.0
28.2 175815800.0
28.6 200673200.0
29.0 227228600.0
29.4 228303400.0
29.8 186701400.0
30.2 181908000.0
30.6 250817800.0
31.0 121776200.0
31.4 158157800.0
31.8 370119400.0
32.2 329911400.0
32.6 42522600.0
33.0 9448200.0
33.4 8429800.0
33.8 5389400.0
34.2 3624400.0
34.6 4036800.0
