10.2 0.0
10.6 400.0
11.0 400.0
11.4 800.0
11.8 800.0
12.2 800.0
12.6 1200.0
13.0 1000.0
13.4 2600.0
13.8 5000.0
14.2 6200.0
14.6 6600.0
15.0 6000.0
15.4 11400.0
15.8 18400.0
16.2 24200.0
16.6 31200.0
17.0 44600.0
17.4 57600.0
17.8 68800.0
18.2 99800.0
18.6 126200.0
19.0 188800.0
19.4 295000.0
19.8 444000.0
20.2 666600.0
20.6 974600.0
21.0 1469600.0
21.4 1814800.0
21.8 1774400.0
22.2 2012400.0
22.6 2527800.0
23.0 3418600.0
23.4 5105000.0
23.8 8325000.0
24.2 14873000.0
24.6 23295000.0
25.0 29421200.0
25.4 35766400.0
25.8 41803400.0
26.2 46717800.0
26.6 50215200.0
27.0 55704200.0
27.4 59234000.0
27.8 63748800.0
28.2 71360800.0
28.6 75210200.0
29.0 87345000.0
29.4 109732000.0
29.8 127079000.0
30.2 154205000.0
30.6 200784000.0
31.0 240168200.0
31.4 269287600.0
31.8 311825200.0
32.2 386908400.0
32.6 466814800.0
33.0 525588200.0
33.4 587528800.0
33.8 619466800.0
34.2 568407800.0
34.6 767369800.0
