10.2 400.0
10.6 0.0
11.0 0.0
11.4 600.0
11.8 200.0
12.2 1000.0
12.6 1400.0
13.0 1800.0
13.4 1600.0
13.8 4000.0
14.2 7000.0
14.6 12200.0
15.0 13200.0
15.4 22400.0
15.8 31200.0
16.2 52000.0
16.6 69400.0
17.0 102200.0
17.4 119800.0
17.8 156200.0
18.2 195600.0
18.6 254400.0
19.0 353800.0
19.4 487000.0
19.8 654200.0
20.2 957200.0
20.6 1305400.0
21.0 1738400.0
21.4 2204200.0
21.8 2699800.0
22.2 3077800.0
22.6 3414800.0
23.0 3648400.0
23.4 3829600.0
23.8 3882600.0
24.2 4035400.0
24.6 4245600.0
25.0 4488200.0
25.4 4898400.0
25.8 5487600.0
26.2 6168400.0
26.6 6954400.0
27.0 7846200.0
27.4 8706000.0
27.8 9460000.0
28.2 10064600.0
28.6 10466800.0
29.0 10719800.0
29.4 10918400.0
29.8 11124400.0
30.2 11212800.0
30.6 11225200.0
31.0 11117400.0
31.4 10921400.0
31.8 10476200.0
32.2 9845200.0
32.6 8808400.0
33.0 7850800.0
33.4 6853800.0
33.8 5968600.0
34.2 5149800.0
34.6 6111200.0
