10.2 200.0
10.6 400.0
11.0 600.0
11.4 400.0
11.8 800.0
12.2 2600.0
12.6 1400.0
13.0 4000.0
13.4 5000.0
13.8 8200.0
14.2 14600.0
14.6 20800.0
15.0 25200.0
15.4 38800.0
15.8 51000.0
16.2 63600.0
16.6 91600.0
17.0 114600.0
17.4 159400.0
17.8 212600.0
18.2 285600.0
18.6 395400.0
19.0 577400.0
19.4 789800.0
19.8 1042000.0
20.2 1313400.0
20.6 1525600.0
21.0 1715400.0
21.4 1874400.0
21.8 1984200.0
22.2 2021000.0
22.6 2075800.0
23.0 2149400.0
23.4 2282600.0
23.8 2482400.0
24.2 2775800.0
24.6 3110800.0
25.0 3485200.0
25.4 3890600.0
25.8 4235400.0
26.2 4429400.0
26.6 4499800.0
27.0 4455000.0
27.4 4363400.0
27.8 4305200.0
28.2 4151800.0
28.6 4064000.0
29.0 3954400.0
29.4 3834600.0
29.8 3674400.0
30.2 3472200.0
30.6 3193800.0
31.0 2887000.0
31.4 2582200.0
31.8 2430200.0
32.2 2579400.0
32.6 2784800.0
33.0 2715000.0
33.4 2379800.0
33.8 1941400.0
34.2 1604800.0
34.6 1830800.0
