10.2 0.0
10.6 400.0
11.0 0.0
11.4 600.0
11.8 800.0
12.2 400.0
12.6 1200.0
13.0 1800.0
13.4 2200.0
13.8 3200.0
14.2 3000.0
14.6 8800.0
15.0 10400.0
15.4 11600.0
15.8 19600.0
16.2 22200.0
16.6 23600.0
17.0 34000.0
17.4 45600.0
17.8 61800.0
18.2 83400.0
18.6 114400.0
19.0 144000.0
19.4 191000.0
19.8 273200.0
20.2 370600.0
20.6 494800.0
21.0 637200.0
21.4 776400.0
21.8 940800.0
22.2 1129600.0
22.6 1434600.0
23.0 1942800.0
23.4 2654400.0
23.8 3519400.0
24.2 4719200.0
24.6 6017200.0
25.0 7446600.0
25.4 8761400.0
25.8 9876400.0
26.2 10781800.0
26.6 11370800.0
27.0 11720400.0
27.4 11870200.0
27.8 12293800.0
28.2 13107400.0
28.6 14125200.0
29.0 15657800.0
29.4 17722400.0
29.8 19778200.0
30.2 22282000.0
30.6 25201600.0
31.0 28662600.0
31.4 32259800.0
31.8 35050000.0
32.2 37430000.0
32.6 38835000.0
33.0 38451200.0
33.4 38456600.0
33.8 41553800.0
34.2 38975800.0
34.6 58963800.0
