10.2 400.0
10.6 0.0
11.0 600.0
11.4 400.0
11.8 400.0
12.2 1400.0
12.6 1800.0
13.0 2000.0
13.4 4200.0
13.8 7800.0
14.2 11400.0
14.6 18800.0
15.0 29600.0
15.4 42800.0
15.8 60600.0
16.2 100600.0
16.6 108200.0
17.0 142000.0
17.4 188600.0
17.8 230600.0
18.2 324200.0
18.6 432800.0
19.0 667000.0
19.4 1066800.0
19.8 1447200.0
20.2 1967600.0
20.6 2474600.0
21.0 3016800.0
21.4 3389800.0
21.8 3770800.0
22.2 4063600.0
22.6 4155600.0
23.0 4429800.0
23.4 4482400.0
23.8 4615200.0
24.2 5362400.0
24.6 5877200.0
25.0 6450800.0
25.4 7815400.0
25.8 9192000.0
26.2 10268400.0
26.6 10867600.0
27.0 12422200.0
27.4 13899200.0
27.8 14743600.0
28.2 15848800.0
28.6 16747200.0
29.0 18407200.0
29.4 12455400.0
29.8 16948400.0
30.2 18653600.0
30.6 9678600.0
31.0 11539400.0
31.4 27879600.0
31.8 14468200.0
32.2 6477800.0
32.6 5888200.0
33.0 5712600.0
33.4 5291800.0
33.8 4489600.0
34.2 3547400.0
34.6 3931800.0
