10.2 200.0
10.6 200.0
11.0 400.0
11.4 600.0
11.8 400.0
12.2 400.0
12.6 1000.0
13.0 200.0
13.4 2600.0
13.8 5000.0
14.2 3800.0
14.6 6400.0
15.0 13400.0
15.4 16800.0
15.8 20000.0
16.2 32600.0
16.6 40200.0
17.0 64200.0
17.4 87200.0
17.8 132400.0
18.2 197400.0
18.6 279600.0
19.0 379800.0
19.4 463400.0
19.8 584400.0
20.2 701400.0
20.6 911800.0
21.0 1240800.0
21.4 1765000.0
21.8 2429800.0
22.2 3377400.0
22.6 4508800.0
23.0 5696200.0
23.4 6874000.0
23.8 7875800.0
24.2 8672800.0
24.6 9211000.0
25.0 9408200.0
25.4 9608000.0
25.8 9795200.0
26.2 10191200.0
26.6 10917000.0
27.0 12030200.0
27.4 13347800.0
27.8 14943600.0
28.2 16994200.0
28.6 19146400.0
29.0 21649000.0
29.4 24018200.0
29.8 26203600.0
30.2 27792400.0
30.6 28855600.0
31.0 29434600.0
31.4 30024200.0
31.8 30571200.0
32.2 31060000.0
32.6 31229600.0
33.0 30858600.0
33.4 29880200.0
33.8 28120400.0
34.2 25733800.0
34.6 32562400.0
