10.2 400.0
10.6 400.0
11.0 200.0
11.4 200.0
11.8 600.0
12.2 1600.0
12.6 2200.0
13.0 2200.0
13.4 5200.0
13.8 6400.0
14.2 10600.0
14.6 15000.0
15.0 26200.0
15.4 26800.0
15.8 35200.0
16.2 48000.0
16.6 61200.0
17.0 74400.0
17.4 122000.0
17.8 155000.0
18.2 227000.0
18.6 303800.0
19.0 411400.0
19.4 526400.0
19.8 651600.0
20.2 756800.0
20.6 867000.0
21.0 941800.0
21.4 991200.0
21.8 1036400.0
22.2 1086000.0
22.6 1123600.0
23.0 1216800.0
23.4 1318200.0
23.8 1439600.0
24.2 1630200.0
24.6 1802000.0
25.0 2022400.0
25.4 2167400.0
25.8 2280400.0
26.2 2297800.0
26.6 2258400.0
27.0 2240400.0
27.4 2130600.0
27.8 2061000.0
28.2 1995000.0
28.6 1921600.0
29.0 1850400.0
29.4 1714000.0
29.8 1625400.0
30.2 1459800.0
30.6 1306400.0
31.0 1160600.0
31.4 1054000.0
31.8 1066200.0
32.2 1145400.0
32.6 1201000.0
33.0 1202600.0
33.4 1091400.0
33.8 972000.0
34.2 843000.0
34.6 1045200.0
