10.2 0.0
10.6 0.0
11.0 2000.0
11.4 2000.0
11.8 2000.0
12.2 0.0
12.6 0.0
13.0 2000.0
13.4 2000.0
13.8 2000.0
14.2 8000.0
14.6 10000.0
15.0 16000.0
15.4 18000.0
15.8 12000.0
16.2 16000.0
16.6 34000.0
17.0 42000.0
17.4 62000.0
17.8 72000.0
18.2 70000.0
18.6 112000.0
19.0 138000.0
19.4 210000.0
19.8 206000.0
20.2 254000.0
20.6 326000.0
21.0 456000.0
21.4 536000.0
21.8 560000.0
22.2 850000.0
22.6 1026000.0
23.0 1130000.0
23.4 1530000.0
23.8 1746000.0
24.2 2232000.0
24.6 2848000.0
25.0 3552000.0
25.4 4532000.0
25.8 5658000.0
26.2 7034000.0
26.6 8668000.0
27.0 11066000.0
27.4 13690000.0
27.8 16864000.0
28.2 20728000.0
28.6 25448000.0
29.0 30948000.0
29.4 36958000.0
29.8 43834000.0
30.2 51726000.0
30.6 60956000.0
31.0 70114000.0
31.4 80556000.0
31.8 92652000.0
32.2 105510000.0
32.6 122174000.0
33.0 140970000.0
33.4 163282000.0
33.8 188338000.0
34.2 217738000.0
34.6 390786000.0
