10.2 800.0
10.6 200.0
11.0 200.0
11.4 600.0
11.8 1000.0
12.2 1600.0
12.6 1800.0
13.0 2400.0
13.4 2800.0
13.8 3200.0
14.2 4000.0
14.6 5000.0
15.0 9400.0
15.4 15800.0
15.8 22800.0
16.2 31400.0
16.6 48200.0
17.0 61000.0
17.4 93000.0
17.8 125000.0
18.2 158000.0
18.6 199000.0
19.0 256800.0
19.4 312600.0
19.8 408400.0
20.2 581400.0
20.6 799000.0
21.0 1099600.0
21.4 1454000.0
21.8 1876000.0
22.2 2267400.0
22.6 2633000.0
23.0 2933800.0
23.4 3146600.0
23.8 3287000.0
24.2 3369400.0
24.6 3454200.0
25.0 3588200.0
25.4 3819000.0
25.8 4120600.0
26.2 4609800.0
26.6 5130800.0
27.0 5783200.0
27.4 6615400.0
27.8 7489600.0
28.2 8365400.0
28.6 9165000.0
29.0 9838400.0
29.4 10327600.0
29.8 10565000.0
30.2 10656600.0
30.6 10857600.0
31.0 11026400.0
31.4 11150000.0
31.8 10980000.0
32.2 10648400.0
32.6 10087400.0
33.0 9230200.0
33.4 8135600.0
33.8 6795000.0
34.2 5519600.0
34.6 6258200.0
