10.2 200.0
10.6 200.0
11.0 200.0
11.4 400.0
11.8 800.0
12.2 600.0
12.6 1600.0
13.0 2000.0
13.4 4400.0
13.8 5200.0
14.2 7800.0
14.6 10400.0
15.0 19400.0
15.4 24200.0
15.8 41400.0
16.2 62400.0
16.6 84600.0
17.0 116000.0
17.4 144000.0
17.8 177200.0
18.2 229600.0
18.6 314400.0
19.0 435000.0
19.4 591400.0
19.8 804400.0
20.2 1133600.0
20.6 1490200.0
21.0 1925800.0
21.4 2376600.0
21.8 2803800.0
22.2 3123600.0
22.6 3433400.0
23.0 3675800.0
23.4 3824800.0
23.8 3932800.0
24.2 4125600.0
24.6 4333800.0
25.0 4662200.0
25.4 5145200.0
25.8 5703000.0
26.2 6457000.0
26.6 7285800.0
27.0 8149000.0
27.4 9036800.0
27.8 9926000.0
28.2 10606400.0
28.6 11177800.0
29.0 11718200.0
29.4 12247600.0
29.8 12356800.0
30.2 12485800.0
30.6 12566400.0
31.0 12381000.0
31.4 12262200.0
31.8 11735600.0
32.2 10813000.0
32.6 9747800.0
33.0 8662600.0
33.4 7499200.0
33.8 6261800.0
34.2 5073200.0
34.6 5729400.0
