10.2 400.0
10.6 0.0
11.0 200.0
11.4 400.0
11.8 600.0
12.2 1000.0
12.6 2000.0
13.0 2000.0
13.4 1800.0
13.8 4600.0
14.2 8200.0
14.6 15200.0
15.0 23400.0
15.4 42800.0
15.8 55200.0
16.2 100600.0
16.6 142400.0
17.0 147800.0
17.4 176400.0
17.8 211800.0
18.2 273000.0
18.6 369600.0
19.0 522800.0
19.4 918200.0
19.8 1777400.0
20.2 2325200.0
20.6 3041400.0
21.0 3787400.0
21.4 4446400.0
21.8 4737000.0
22.2 5369400.0
22.6 5691800.0
23.0 5785000.0
23.4 6650000.0
23.8 6585600.0
24.2 6871800.0
24.6 8805400.0
25.0 9850600.0
25.4 10839600.0
25.8 14697600.0
26.2 17930800.0
26.6 20048400.0
27.0 20769600.0
27.4 25572600.0
27.8 31334800.0
28.2 34368600.0
28.6 39570400.0
29.0 42875400.0
29.4 47028000.0
29.8 23352000.0
30.2 48629200.0
30.6 44808000.0
31.0 12634800.0
31.4 31019400.0
31.8 90881000.0
32.2 37296400.0
32.6 6450000.0
33.0 5101200.0
33.4 5411200.0
33.8 5020200.0
34.2 4149400.0
34.6 4386400.0
