10.2 200.0
10.6 200.0
11.0 600.0
11.4 0.0
11.8 400.0
12.2 1400.0
12.6 1600.0
13.0 1800.0
13.4 4600.0
13.8 6600.0
14.2 11600.0
14.6 15600.0
15.0 28000.0
15.4 35000.0
15.8 52600.0
16.2 62000.0
16.6 93400.0
17.0 96400.0
17.4 150000.0
17.8 187400.0
18.2 261400.0
18.6 366600.0
19.0 521000.0
19.4 695200.0
19.8 985600.0
20.2 1252000.0
20.6 1534400.0
21.0 1785000.0
21.4 1960200.0
21.8 2113400.0
22.2 2218800.0
22.6 2263400.0
23.0 2309800.0
23.4 2427000.0
23.8 2595800.0
24.2 2822600.0
24.6 3088200.0
25.0 3543200.0
25.4 3998200.0
25.8 4488000.0
26.2 4959200.0
26.6 5366000.0
27.0 5759400.0
27.4 5931400.0
27.8 5989400.0
28.2 6025200.0
28.6 6049000.0
29.0 6059200.0
29.4 6076400.0
29.8 5963600.0
30.2 5832600.0
30.6 5566800.0
31.0 5169600.0
31.4 4699000.0
31.8 4072600.0
32.2 3549800.0
32.6 3020400.0
33.0 2647400.0
33.4 2325600.0
33.8 2003600.0
34.2 1693400.0
34.6 1993600.0
