10.2 0.0
10.6 200.0
11.0 800.0
11.4 200.0
11.8 1000.0
12.2 200.0
12.6 800.0
13.0 1800.0
13.4 4400.0
13.8 4000.0
14.2 5000.0
14.6 6400.0
15.0 12400.0
15.4 14000.0
15.8 18800.0
16.2 27200.0
16.6 40400.0
17.0 57000.0
17.4 91800.0
17.8 112000.0
18.2 153600.0
18.6 205400.0
19.0 251600.0
19.4 309600.0
19.8 386400.0
20.2 478200.0
20.6 712400.0
21.0 926000.0
21.4 1342400.0
21.8 1766200.0
22.2 2282400.0
22.6 2814200.0
23.0 3264000.0
23.4 3683800.0
23.8 4023000.0
24.2 4240400.0
24.6 4339200.0
25.0 4362800.0
25.4 4583400.0
25.8 4767400.0
26.2 5233400.0
26.6 5773000.0
27.0 6390400.0
27.4 7256000.0
27.8 8201200.0
28.2 9325200.0
28.6 10572600.0
29.0 11601400.0
29.4 12512800.0
29.8 13196200.0
30.2 13490600.0
30.6 13759000.0
31.0 14053600.0
31.4 14183200.0
31.8 14369600.0
32.2 14327200.0
32.6 13920800.0
33.0 13317600.0
33.4 12236600.0
33.8 10830200.0
34.2 9243800.0
34.6 10634400.0
