10.2 0.0
10.6 0.0
11.0 200.0
11.4 200.0
11.8 1000.0
12.2 1400.0
12.6 3200.0
13.0 4600.0
13.4 7200.0
13.8 11600.0
14.2 18200.0
14.6 32000.0
15.0 47600.0
15.4 74600.0
15.8 113200.0
16.2 133200.0
16.6 127800.0
17.0 148200.0
17.4 198600.0
17.8 267000.0
18.2 413600.0
18.6 760800.0
19.0 1447800.0
19.4 2226000.0
19.8 2843200.0
20.2 3441800.0
20.6 3969400.0
21.0 4362400.0
21.4 4693000.0
21.8 5084000.0
22.2 5405400.0
22.6 5872000.0
23.0 6426400.0
23.4 6825000.0
23.8 8153200.0
24.2 9966600.0
24.6 11446600.0
25.0 14333400.0
25.4 18401600.0
25.8 20935200.0
26.2 22802400.0
26.6 26371800.0
27.0 32872600.0
27.4 39183200.0
27.8 44700000.0
28.2 50883400.0
28.6 51174200.0
29.0 44814400.0
29.4 42138800.0
29.8 51771600.0
30.2 36239000.0
30.6 33234200.0
31.0 71560600.0
31.4 77855800.0
31.8 26603000.0
32.2 4919800.0
32.6 4739200.0
33.0 4037600.0
33.4 2652200.0
33.8 1990600.0
34.2 1618200.0
34.6 1744800.0
