10.2 0.0
10.6 0.0
11.0 200.0
11.4 400.0
11.8 400.0
12.2 800.0
12.6 1400.0
13.0 1600.0
13.4 2400.0
13.8 4400.0
14.2 6000.0
14.6 8800.0
15.0 14600.0
15.4 21800.0
15.8 25800.0
16.2 43000.0
16.6 59800.0
17.0 86000.0
17.4 100600.0
17.8 135000.0
18.2 174600.0
18.6 218200.0
19.0 289800.0
19.4 409600.0
19.8 546000.0
20.2 737400.0
20.6 980200.0
21.0 1318800.0
21.4 1672000.0
21.8 2029200.0
22.2 2366800.0
22.6 2613000.0
23.0 2799200.0
23.4 2994800.0
23.8 3139200.0
24.2 3315800.0
24.6 3401800.0
25.0 3613400.0
25.4 3901200.0
25.8 4329600.0
26.2 4873000.0
26.6 5446000.0
27.0 6160800.0
27.4 6856400.0
27.8 7573800.0
28.2 8183200.0
28.6 8793800.0
29.0 9186200.0
29.4 9590000.0
29.8 10003600.0
30.2 10058000.0
30.6 10119600.0
31.0 10133800.0
31.4 9941000.0
31.8 9809200.0
32.2 9242200.0
32.6 8417400.0
33.0 7594400.0
33.4 6701800.0
33.8 5789000.0
34.2 4816200.0
34.6 5582600.0
