10.2 200.0
10.6 200.0
11.0 200.0
11.4 600.0
11.8 400.0
12.2 600.0
12.6 2000.0
13.0 1800.0
13.4 2800.0
13.8 4400.0
14.2 5600.0
14.6 5200.0
15.0 9600.0
15.4 12400.0
15.8 18400.0
16.2 19600.0
16.6 26400.0
17.0 34600.0
17.4 38200.0
17.8 51600.0
18.2 72200.0
18.6 78000.0
19.0 107000.0
19.4 117800.0
19.8 157200.0
20.2 180200.0
20.6 234400.0
21.0 260400.0
21.4 328600.0
21.8 380000.0
22.2 454400.0
22.6 532400.0
23.0 620600.0
23.4 703800.0
23.8 840600.0
24.2 978600.0
24.6 1090200.0
25.0 1311000.0
25.4 1493000.0
25.8 1682600.0
26.2 1914200.0
26.6 2156800.0
27.0 2471200.0
27.4 2782600.0
27.8 3130200.0
28.2 3493400.0
28.6 3841200.0
29.0 4294800.0
29.4 4758000.0
29.8 5269800.0
30.2 5751800.0
30.6 6307000.0
31.0 6932000.0
31.4 7526000.0
31.8 8169600.0
32.2 8884200.0
32.6 9485200.0
33.0 10238000.0
33.4 10892600.0
33.8 11592200.0
34.2 12148200.0
34.6 19380000.0
