10.2 200.0
10.6 0.0
11.0 400.0
11.4 1000.0
11.8 1000.0
12.2 1600.0
12.6 2200.0
13.0 4600.0
13.4 5600.0
13.8 7600.0
14.2 13200.0
14.6 17600.0
15.0 33400.0
15.4 55800.0
15.8 68600.0
16.2 65200.0
16.6 81800.0
17.0 104200.0
17.4 126800.0
17.8 178200.0
18.2 291800.0
18.6 613800.0
19.0 989400.0
19.4 1329600.0
19.8 1655400.0
20.2 1977200.0
20.6 2218400.0
21.0 2440200.0
21.4 2671400.0
21.8 2749200.0
22.2 3023400.0
22.6 3258200.0
23.0 3297600.0
23.4 3943600.0
23.8 4832200.0
24.2 5329600.0
24.6 6670400.0
25.0 8697400.0
25.4 10066400.0
25.8 10641000.0
26.2 11994800.0
26.6 14978600.0
27.0 17729200.0
27.4 20159400.0
27.8 22857400.0
28.2 25373800.0
28.6 19332000.0
29.0 18751200.0
29.4 26553000.0
29.8 15609200.0
30.2 9831400.0
30.6 35021600.0
31.0 39019800.0
31.4 13248400.0
31.8 2686200.0
32.2 3071000.0
32.6 3235200.0
33.0 2893400.0
33.4 2090200.0
33.8 1570400.0
34.2 1286600.0
34.6 1439600.0
